0.43115234375
0.873779296875
0.090576171875
0.69970703125
0.5009765625
0.1396484375
0.8857421875
0.658203125
0.9697265625
0.373046875
0.285888671875
0.149169921875
0.151123046875
0.5263671875
0.35546875
0.287353515625
0.680908203125
0.852783203125
0.083251953125
0.520263671875
0.377197265625
0.134765625
0.098876953125
0.037353515625
0.09228515625
0.95556640625
0.522216796875
0.75341796875
0.071533203125
0.091796875
0.930908203125
0.38916015625
0.0166015625
0.17041015625
0.1455078125
0.3134765625
0.030029296875
0.98876953125
0.490478515625
0.9033203125
0.829833984375
0.750732421875
0.511474609375
0.00927734375
0.211181640625
0.878173828125
0.50244140625
0.982666015625
0.629150390625
0.93701171875
0.334228515625
0.798828125
0.901611328125
0.20654296875
0.78369140625
0.708251953125
0.164794921875
0.664306640625
0.972412109375
0.187744140625